# data for liswet1-inv.mod  

param N := 200  ;

# ... solution x to forward problem  
param 	: 	x_star := 
	   1 	  0.2661654047606464
	   2 	  0.2701446773337532
	   3 	    0.27412394990686
	   4 	  0.2781032224799667
	   5 	  0.2820824950530735
	   6 	  0.2860617676261802
	   7 	  0.2900410401992871
	   8 	  0.2940203127723938
	   9 	  0.2979995853455006
	  10 	  0.3019788579186073
	  11 	  0.3059581304917142
	  12 	  0.3099374030648209
	  13 	  0.3139166756379276
	  14 	  0.3178959482110345
	  15 	  0.3218752207841412
	  16 	   0.325854493357248
	  17 	  0.3298337659303547
	  18 	  0.3338130385034615
	  19 	  0.3377923110765683
	  20 	  0.3417715836496751
	  21 	  0.3457508562227818
	  22 	  0.3497301287958886
	  23 	  0.3537094013689954
	  24 	  0.3576886739421021
	  25 	  0.3616679465152089
	  26 	  0.3656472190883157
	  27 	  0.3696264916614224
	  28 	  0.3736057642345292
	  29 	   0.377585036807636
	  30 	  0.3815643093807427
	  31 	  0.3855435819538495
	  32 	  0.3895228545269563
	  33 	   0.393502127100063
	  34 	  0.3974813996731698
	  35 	  0.4014606722462766
	  36 	  0.4054399448193833
	  37 	  0.4094192173924901
	  38 	  0.4133984899655969
	  39 	  0.4173777625387036
	  40 	  0.4213570351118104
	  41 	  0.4253363076849172
	  42 	   0.429315580258024
	  43 	  0.4332948528311307
	  44 	  0.4372741254042375
	  45 	  0.4412533979773443
	  46 	  0.4452326705504511
	  47 	  0.4492119431235578
	  48 	  0.4531912156966646
	  49 	  0.4571704882697714
	  50 	  0.4611497608428781
	  51 	  0.4651290334159849
	  52 	  0.4691083059890916
	  53 	  0.4730875785621985
	  54 	  0.4770668511353052
	  55 	   0.481046123708412
	  56 	  0.4850253962815188
	  57 	  0.4890046688546256
	  58 	  0.4929839414277323
	  59 	  0.4969632140008391
	  60 	  0.5009424865739458
	  61 	  0.5049217591470526
	  62 	  0.5089010317201593
	  63 	  0.5128803042932661
	  64 	   0.516859576866373
	  65 	  0.5208388494394797
	  66 	  0.5248181220125864
	  67 	  0.5287973945856932
	  68 	     0.5327766671588
	  69 	  0.5367559397319068
	  70 	  0.5407352123050135
	  71 	  0.5447144848781202
	  72 	  0.5486937574512271
	  73 	  0.5526730300243339
	  74 	  0.5566523025974406
	  75 	  0.5606315751705474
	  76 	  0.5646108477436542
	  77 	  0.5685901203167608
	  78 	  0.5725693928898676
	  79 	  0.5765486654629745
	  80 	  0.5805279380360813
	  81 	   0.584507210609188
	  82 	  0.5884864831822948
	  83 	  0.5924657557554015
	  84 	  0.5964450283285083
	  85 	   0.600424300901615
	  86 	  0.6044035734747218
	  87 	  0.6083828460478287
	  88 	  0.6123621186209354
	  89 	  0.6163413911940421
	  90 	  0.6203206637671489
	  91 	  0.6242999363402557
	  92 	  0.6282792089133624
	  93 	  0.6322584814864692
	  94 	  0.6362377540595761
	  95 	  0.6402170266326828
	  96 	  0.6441962992057895
	  97 	  0.6481755717788963
	  98 	  0.6521548443520031
	  99 	  0.6561341169251099
	 100 	  0.6601133894982166
	 101 	  0.6640926620713233
	 102 	  0.6680719346444302
	 103 	  0.6720512072175369
	 104 	  0.6760304797906437
	 105 	  0.6800097523637505
	 106 	  0.6839890249368573
	 107 	   0.687968297509964
	 108 	  0.6919475700830707
	 109 	  0.6959268426561775
	 110 	  0.6999061152292844
	 111 	  0.7038853878023911
	 112 	  0.7078646603754979
	 113 	  0.7118439329486047
	 114 	  0.7158232055217113
	 115 	  0.7198024780948181
	 116 	  0.7237817506679249
	 117 	  0.7277610232410318
	 118 	  0.7317402958141385
	 119 	  0.7357195683872453
	 120 	   0.739698840960352
	 121 	  0.7436781135334588
	 122 	  0.7476573861065655
	 123 	  0.7516366586796723
	 124 	  0.7556159312527791
	 125 	  0.7595952038258859
	 126 	  0.7635744763989926
	 127 	  0.7675537489720994
	 128 	  0.7715330215452062
	 129 	  0.7755122941183129
	 130 	  0.7794915666914197
	 131 	  0.7834708392645265
	 132 	  0.7874501118376332
	 133 	    0.79142938441074
	 134 	  0.7954086569838468
	 135 	  0.7993879295569536
	 136 	  0.8033672021300604
	 137 	  0.8073464747031671
	 138 	  0.8113257472762738
	 139 	  0.8153050198493806
	 140 	  0.8192842924224873
	 141 	  0.8232635649955942
	 142 	   0.827242837568701
	 143 	  0.8312221101418078
	 144 	  0.8352013827149144
	 145 	  0.8391806552880212
	 146 	   0.843159927861128
	 147 	  0.8471392004342349
	 148 	  0.8511184730073416
	 149 	  0.8550977455804484
	 150 	  0.8590770181535551
	 151 	  0.8630562907266618
	 152 	  0.8670355632997686
	 153 	  0.8710148358728754
	 154 	  0.8749941084459822
	 155 	   0.878973381019089
	 156 	  0.8829526535921957
	 157 	  0.8869319261653025
	 158 	  0.8909111987384093
	 159 	   0.894890471311516
	 160 	  0.8988697438846228
	 161 	  0.9028490164577296
	 162 	  0.9068282890308363
	 163 	   0.910807561603943
	 164 	  0.9147868341770499
	 165 	  0.9187661067501567
	 166 	  0.9227453793232634
	 167 	  0.9267246518963702
	 168 	  0.9307039244694769
	 169 	  0.9346831970425837
	 170 	  0.9386624696156904
	 171 	  0.9426417421887973
	 172 	  0.9466210147619041
	 173 	  0.9506002873350109
	 174 	  0.9545795599081175
	 175 	  0.9585588324812243
	 176 	  0.9625381050543311
	 177 	  0.9665173776274378
	 178 	  0.9704966502005447
	 179 	  0.9744759227736515
	 180 	  0.9784551953467582
	 181 	  0.9824344679198649
	 182 	  0.9864137404929717
	 183 	  0.9903930130660785
	 184 	  0.9943722856391853
	 185 	   0.998351558212292
	 186 	   1.002330830785399
	 187 	   1.006310103358506
	 188 	   1.010289375931612
	 189 	   1.014268648504719
	 190 	   1.018247921077826
	 191 	   1.022227193650933
	 192 	   1.026206466224039
	 193 	   1.030185738797146
	 194 	   1.034165011370253
	 195 	    1.03814428394336
	 196 	   1.042123556516467
	 197 	   1.046102829089573
	 198 	    1.05008210166268
	 199 	   1.054061374235787
	 200 	   1.058040646808894
	 201 	      1.062019919382
	 202 	   1.080641840686583 ;
 